-6 0.00247262
-5.9 0.00273196
-5.8 0.00301842
-5.7 0.00333481
-5.6 0.00368424
-5.5 0.00407014
-5.4 0.00449627
-5.3 0.0049668
-5.2 0.0054863
-5.1 0.0060598
-5 0.00669285
-4.9 0.00739154
-4.8 0.00816257
-4.7 0.0090133
-4.6 0.0099518
-4.5 0.0109869
-4.4 0.0121284
-4.3 0.0133869
-4.2 0.014774
-4.1 0.0163025
-4 0.0179862
-3.9 0.0198403
-3.8 0.0218813
-3.7 0.024127
-3.6 0.026597
-3.5 0.0293122
-3.4 0.0322955
-3.3 0.0355712
-3.2 0.0391657
-3.1 0.0431073
-3 0.0474259
-2.9 0.0521536
-2.8 0.0573242
-2.7 0.0629734
-2.6 0.0691384
-2.5 0.0758582
-2.4 0.0831727
-2.3 0.091123
-2.2 0.0997505
-2.1 0.109097
-2 0.119203
-1.9 0.130108
-1.8 0.141851
-1.7 0.154465
-1.6 0.167982
-1.5 0.182426
-1.4 0.197816
-1.3 0.214165
-1.2 0.231475
-1.1 0.24974
-1 0.268941
-0.9 0.289051
-0.8 0.310026
-0.7 0.331812
-0.6 0.354344
-0.5 0.377541
-0.4 0.401312
-0.3 0.425557
-0.2 0.450166
-0.1 0.475021
0 0.5
0.1 0.524979
0.2 0.549834
0.3 0.574443
0.4 0.598688
0.5 0.622459
0.6 0.645656
0.7 0.668188
0.8 0.689974
0.9 0.710949
1 0.731059
1.1 0.75026
1.2 0.768525
1.3 0.785835
1.4 0.802184
1.5 0.817574
1.6 0.832018
1.7 0.845535
1.8 0.858149
1.9 0.869892
2 0.880797
2.1 0.890903
2.2 0.90025
2.3 0.908877
2.4 0.916827
2.5 0.924142
2.6 0.930862
2.7 0.937027
2.8 0.942676
2.9 0.947846
3 0.952574
3.1 0.956893
3.2 0.960834
3.3 0.964429
3.4 0.967705
3.5 0.970688
3.6 0.973403
3.7 0.975873
3.8 0.978119
3.9 0.98016
4 0.982014
4.1 0.983697
4.2 0.985226
4.3 0.986613
4.4 0.987872
4.5 0.989013
4.6 0.990048
4.7 0.990987
4.8 0.991837
4.9 0.992608
5 0.993307
5.1 0.99394
5.2 0.994514
5.3 0.995033
5.4 0.995504
5.5 0.99593
5.6 0.996316
5.7 0.996665
5.8 0.996982
5.9 0.997268
6 0.997527
